# z         nHI/nH      nHeI/nH      nHeII/nH      T_0(K)
6.000001 1.000000e+00 7.894737e-02 0.000000e+00 2.500000e+01
5.938775 1.516795e-04 2.198241e-05 7.820417e-02 1.639399e+04
5.878864 1.505651e-04 2.088208e-05 7.750126e-02 1.629900e+04
5.820223 1.447353e-04 1.984948e-05 7.682217e-02 1.622365e+04
5.762809 1.426869e-04 1.883930e-05 7.612984e-02 1.616977e+04
5.706583 1.374000e-04 1.788032e-05 7.542736e-02 1.613499e+04
5.651504 1.328325e-04 1.697840e-05 7.472836e-02 1.611547e+04
5.597537 1.294393e-04 1.614585e-05 7.405797e-02 1.610598e+04
5.544644 1.282748e-04 1.535938e-05 7.341038e-02 1.610589e+04
5.492793 1.234727e-04 1.459822e-05 7.275294e-02 1.611773e+04
5.441951 1.177286e-04 1.386676e-05 7.207141e-02 1.614215e+04
5.392086 1.128253e-04 1.316325e-05 7.135580e-02 1.617927e+04
5.343169 1.101131e-04 1.250815e-05 7.066963e-02 1.622102e+04
5.295171 1.079500e-04 1.189168e-05 7.000786e-02 1.626743e+04
5.248066 1.013449e-04 1.130862e-05 6.935732e-02 1.631941e+04
5.201825 9.631025e-05 1.075023e-05 6.869807e-02 1.637852e+04
5.156425 9.287979e-05 1.021438e-05 6.801572e-02 1.644567e+04
5.111841 9.161293e-05 9.702041e-06 6.731589e-02 1.651965e+04
5.068050 8.555731e-05 9.214720e-06 6.660186e-02 1.659964e+04
5.025029 8.145632e-05 8.757573e-06 6.590514e-02 1.668178e+04
4.982757 7.925021e-05 8.324561e-06 6.521549e-02 1.676687e+04
4.941213 7.659750e-05 7.909358e-06 6.450766e-02 1.685717e+04
4.900377 7.272999e-05 7.512304e-06 6.377258e-02 1.695328e+04
4.860230 7.013652e-05 7.130884e-06 6.299795e-02 1.705602e+04
4.820753 6.848578e-05 6.767484e-06 6.221227e-02 1.716194e+04
4.781929 6.276005e-05 6.424509e-06 6.143767e-02 1.726855e+04
4.743741 6.062981e-05 6.100345e-06 6.066735e-02 1.737632e+04
4.706171 5.946212e-05 5.793752e-06 5.989776e-02 1.748545e+04
4.669204 5.502793e-05 5.501545e-06 5.911037e-02 1.759765e+04
4.632825 5.336025e-05 5.221931e-06 5.829811e-02 1.771328e+04
4.597019 5.200930e-05 4.953845e-06 5.746073e-02 1.783210e+04
4.561771 4.978094e-05 4.697514e-06 5.659852e-02 1.795375e+04
4.527068 4.882262e-05 4.453779e-06 5.573724e-02 1.807537e+04
4.492895 4.623038e-05 4.223730e-06 5.488597e-02 1.819596e+04
4.459241 4.462152e-05 4.005369e-06 5.402675e-02 1.831720e+04
4.426092 4.354582e-05 3.797436e-06 5.315187e-02 1.843965e+04
4.393437 4.167690e-05 3.599165e-06 5.225160e-02 1.856411e+04
4.361263 4.115398e-05 3.409307e-06 5.131981e-02 1.869087e+04
4.329561 3.835985e-05 3.227613e-06 5.037318e-02 1.881802e+04
4.298317 3.750667e-05 3.054680e-06 4.942939e-02 1.894367e+04
4.267522 3.555392e-05 2.891298e-06 4.848791e-02 1.906780e+04
4.237166 3.463337e-05 2.736738e-06 4.754739e-02 1.919046e+04
4.207239 3.316584e-05 2.590408e-06 4.660612e-02 1.931172e+04
4.177731 3.219164e-05 2.451412e-06 4.564911e-02 1.943294e+04
4.148632 3.116251e-05 2.318827e-06 4.467760e-02 1.955377e+04
4.119933 3.015601e-05 2.191964e-06 4.368870e-02 1.967438e+04
4.091627 2.932801e-05 2.070782e-06 4.268336e-02 1.979441e+04
4.063703 2.840975e-05 1.954936e-06 4.167942e-02 1.991200e+04
4.036155 2.723259e-05 1.845127e-06 4.068821e-02 2.002603e+04
4.008973 2.668724e-05 1.741608e-06 3.970522e-02 2.013690e+04
3.982150 2.515851e-05 1.643786e-06 3.871936e-02 2.024565e+04
3.955679 2.493499e-05 1.550843e-06 3.773188e-02 2.035201e+04
3.929552 2.328798e-05 1.462867e-06 3.673371e-02 2.045684e+04
3.903762 2.319867e-05 1.378886e-06 3.572589e-02 2.055981e+04
3.878302 2.148523e-05 1.298718e-06 3.471855e-02 2.065986e+04
3.853165 2.108617e-05 1.222444e-06 3.372053e-02 2.075614e+04
3.828345 1.942175e-05 1.150478e-06 3.273284e-02 2.084853e+04
3.803836 1.894182e-05 1.082469e-06 3.175757e-02 2.093684e+04
3.779630 1.879066e-05 1.018310e-06 3.079548e-02 2.102099e+04
3.755722 1.785189e-05 9.579425e-07 2.984173e-02 2.110147e+04
3.732107 1.690682e-05 9.009060e-07 2.889357e-02 2.117851e+04
3.708778 1.643985e-05 8.467655e-07 2.795200e-02 2.125195e+04
3.685730 1.599296e-05 7.954696e-07 2.701435e-02 2.132205e+04
3.662958 1.556336e-05 7.467758e-07 2.608242e-02 2.138854e+04
3.640455 1.514369e-05 7.003807e-07 2.516512e-02 2.145059e+04
3.618218 1.473414e-05 6.564367e-07 2.427092e-02 2.150749e+04
3.596241 1.434069e-05 6.152294e-07 2.340002e-02 2.155928e+04
3.574519 1.396727e-05 5.767040e-07 2.254622e-02 2.160665e+04
3.553048 1.360859e-05 5.404387e-07 2.170932e-02 2.164963e+04
3.531823 1.326453e-05 5.063189e-07 2.088921e-02 2.168826e+04
3.510839 1.293763e-05 4.743078e-07 2.008296e-02 2.172289e+04
3.490091 1.262243e-05 4.440738e-07 1.929177e-02 2.175338e+04
3.469577 1.231556e-05 4.154612e-07 1.851884e-02 2.177952e+04
3.449291 1.201651e-05 3.884543e-07 1.776710e-02 2.180112e+04
3.429229 1.172813e-05 3.631146e-07 1.703699e-02 2.181819e+04
3.409388 1.144868e-05 3.393279e-07 1.632999e-02 2.183073e+04
3.389763 1.117868e-05 3.170538e-07 1.564663e-02 2.183877e+04
3.370351 1.091821e-05 2.962249e-07 1.498693e-02 2.184240e+04
3.351148 1.067141e-05 2.768632e-07 1.434811e-02 2.184201e+04
3.332150 1.043345e-05 2.587274e-07 1.373019e-02 2.183765e+04
3.313354 1.020376e-05 2.417433e-07 1.313324e-02 2.182939e+04
3.294757 9.985124e-06 2.259074e-07 1.255551e-02 2.181752e+04
3.276354 9.773524e-06 2.110543e-07 1.199733e-02 2.180206e+04
3.258144 9.567204e-06 1.971039e-07 1.145957e-02 2.178300e+04
3.240122 9.358896e-06 1.838855e-07 1.094559e-02 2.176020e+04
3.222286 9.157388e-06 1.715970e-07 1.045484e-02 2.173380e+04
3.204631 8.965494e-06 1.602267e-07 9.986458e-03 2.169681e+04
3.187157 8.792687e-06 1.498554e-07 9.538894e-03 2.162578e+04
3.169858 8.632228e-06 1.402949e-07 9.112202e-03 2.152849e+04
3.152734 8.481594e-06 1.314648e-07 8.705998e-03 2.141461e+04
3.135780 8.338056e-06 1.232888e-07 8.319066e-03 2.130108e+04
3.118994 8.197855e-06 1.156569e-07 7.950822e-03 2.118792e+04
3.102373 8.060455e-06 1.085291e-07 7.600679e-03 2.107517e+04
3.085915 7.923575e-06 1.018434e-07 7.268173e-03 2.096286e+04
3.069618 7.789893e-06 9.561398e-08 6.952613e-03 2.085103e+04
3.053478 7.659245e-06 8.980970e-08 6.653306e-03 2.073971e+04
3.037493 7.529353e-06 8.437755e-08 6.369820e-03 2.062892e+04
3.021661 7.402452e-06 7.932185e-08 6.101399e-03 2.051872e+04
3.005979 7.278418e-06 7.461565e-08 5.847294e-03 2.040913e+04
2.990446 7.160526e-06 7.027366e-08 5.606643e-03 2.030019e+04
2.975058 7.057054e-06 4.989817e-08 4.047173e-03 2.017985e+04
2.959815 6.948321e-06 4.766606e-08 3.933118e-03 2.005569e+04
2.944712 6.843926e-06 4.555771e-08 3.822446e-03 1.993339e+04
2.929749 6.742687e-06 4.355826e-08 3.715143e-03 1.981293e+04
2.914924 6.643343e-06 4.165358e-08 3.611199e-03 1.969426e+04
2.900234 6.543054e-06 3.980582e-08 3.509432e-03 1.957733e+04
2.885677 6.440223e-06 3.799544e-08 3.409182e-03 1.946208e+04
2.871251 6.339417e-06 3.627383e-08 3.312123e-03 1.934851e+04
2.856955 6.240776e-06 3.463842e-08 3.218222e-03 1.923655e+04
2.842786 6.146871e-06 3.311243e-08 3.128340e-03 1.912621e+04
2.828744 6.054754e-06 3.165921e-08 3.041274e-03 1.901743e+04
2.814825 5.964387e-06 3.027506e-08 2.956930e-03 1.891015e+04
2.801028 5.877831e-06 2.898024e-08 2.876304e-03 1.880438e+04
2.787352 5.793846e-06 2.775623e-08 2.798655e-03 1.870008e+04
2.773794 5.711388e-06 2.658833e-08 2.723369e-03 1.859721e+04
2.760354 5.630144e-06 2.546783e-08 2.649896e-03 1.849572e+04
2.747028 5.549521e-06 2.438096e-08 2.577238e-03 1.839557e+04
2.733817 5.470362e-06 2.334435e-08 2.506822e-03 1.829676e+04
2.720718 5.392643e-06 2.235562e-08 2.438578e-03 1.819925e+04
2.707730 5.314652e-06 2.139056e-08 2.370883e-03 1.810300e+04
2.694851 5.237556e-06 2.046390e-08 2.304815e-03 1.800798e+04
2.682080 5.161879e-06 1.958074e-08 2.240821e-03 1.791419e+04
2.669415 5.088154e-06 1.874562e-08 2.179315e-03 1.782158e+04
2.656854 5.017919e-06 1.797416e-08 2.121561e-03 1.773016e+04
2.644398 4.948918e-06 1.723722e-08 2.065540e-03 1.763991e+04
2.632043 4.881130e-06 1.653316e-08 2.011196e-03 1.755079e+04
2.619789 4.815981e-06 1.587565e-08 1.959644e-03 1.746278e+04
2.607634 4.752905e-06 1.525644e-08 1.910357e-03 1.737586e+04
2.595578 4.690888e-06 1.466359e-08 1.862485e-03 1.729004e+04
2.583618 4.629910e-06 1.409592e-08 1.815981e-03 1.720527e+04
2.571754 4.565969e-06 1.350243e-08 1.766038e-03 1.712145e+04
2.559984 4.502872e-06 1.293265e-08 1.717314e-03 1.703863e+04
2.548307 4.440884e-06 1.238894e-08 1.670104e-03 1.695678e+04
2.536722 4.380298e-06 1.187347e-08 1.624689e-03 1.687588e+04
2.525228 4.321933e-06 1.139375e-08 1.581881e-03 1.679594e+04
2.513823 4.264567e-06 1.093516e-08 1.540355e-03 1.671690e+04
2.502507 4.208173e-06 1.049664e-08 1.500065e-03 1.663879e+04
2.491278 4.153642e-06 1.008595e-08 1.461849e-03 1.656158e+04
2.480135 4.101246e-06 9.704181e-09 1.425913e-03 1.648525e+04
2.469077 4.049700e-06 9.338223e-09 1.390987e-03 1.640980e+04
2.458104 3.998986e-06 8.987341e-09 1.357038e-03 1.633521e+04
2.447213 3.949038e-06 8.648007e-09 1.323605e-03 1.626144e+04
2.436405 3.899855e-06 8.320640e-09 1.290803e-03 1.618849e+04
2.425678 3.851458e-06 8.006811e-09 1.258928e-03 1.611636e+04
2.415030 3.803837e-06 7.705926e-09 1.227954e-03 1.604501e+04
2.404462 3.755724e-06 7.404878e-09 1.196271e-03 1.597441e+04
2.393972 3.707786e-06 7.110738e-09 1.164762e-03 1.590455e+04
2.383559 3.660631e-06 6.829304e-09 1.134192e-03 1.583544e+04
2.373222 3.614246e-06 6.559993e-09 1.104532e-03 1.576705e+04
2.362961 3.569912e-06 6.312780e-09 1.077093e-03 1.569939e+04
2.352774 3.526822e-06 6.080071e-09 1.050990e-03 1.563244e+04
2.342661 3.484407e-06 5.856757e-09 1.025612e-03 1.556619e+04
2.332620 3.442648e-06 5.642407e-09 1.000934e-03 1.550064e+04
2.322652 3.402635e-06 5.444322e-09 9.779487e-04 1.543578e+04
2.312754 3.363768e-06 5.257555e-09 9.560627e-04 1.537159e+04
2.302927 3.325476e-06 5.077829e-09 9.347416e-04 1.530807e+04
2.293169 3.287749e-06 4.904853e-09 9.139687e-04 1.524521e+04
2.283479 3.249383e-06 4.727872e-09 8.921030e-04 1.518296e+04
2.273857 3.210719e-06 4.550362e-09 8.696544e-04 1.512131e+04
2.264303 3.172646e-06 4.380111e-09 8.478465e-04 1.506027e+04
2.254814 3.135155e-06 4.216802e-09 8.266595e-04 1.499984e+04
2.245392 3.098511e-06 4.061893e-09 8.063374e-04 1.493998e+04
2.236034 3.062803e-06 3.915592e-09 7.869471e-04 1.488071e+04
2.226740 3.027627e-06 3.775048e-09 7.680886e-04 1.482202e+04
2.217509 2.992974e-06 3.640018e-09 7.497455e-04 1.476388e+04
2.208341 2.959100e-06 3.511808e-09 7.321485e-04 1.470631e+04
2.199235 2.926856e-06 3.394955e-09 7.160618e-04 1.464930e+04
2.190191 2.895069e-06 3.282372e-09 7.003817e-04 1.459283e+04
2.181206 2.863731e-06 3.173894e-09 6.850976e-04 1.453691e+04
2.172282 2.832835e-06 3.069357e-09 6.701979e-04 1.448152e+04
2.163417 2.802685e-06 2.969264e-09 6.557213e-04 1.442666e+04
2.154611 2.772988e-06 2.872831e-09 6.416106e-04 1.437231e+04
2.145863 2.743704e-06 2.779848e-09 6.278506e-04 1.431846e+04
2.137172 2.714823e-06 2.690174e-09 6.144309e-04 1.426511e+04
2.128538 2.685604e-06 2.599434e-09 6.005277e-04 1.421225e+04
2.119960 2.656184e-06 2.508594e-09 5.863150e-04 1.415986e+04
2.111438 2.627182e-06 2.421223e-09 5.724854e-04 1.410794e+04
2.102970 2.598591e-06 2.337176e-09 5.590271e-04 1.405648e+04
2.094557 2.570550e-06 2.256995e-09 5.460584e-04 1.400547e+04
2.086198 2.543948e-06 2.184569e-09 5.343490e-04 1.395493e+04
2.077892 2.517706e-06 2.114702e-09 5.229291e-04 1.390484e+04
2.069639 2.491815e-06 2.047285e-09 5.117892e-04 1.385520e+04
2.061438 2.466273e-06 1.982231e-09 5.009226e-04 1.380599e+04
2.053289 2.441747e-06 1.922063e-09 4.908382e-04 1.375721e+04
2.045190 2.417929e-06 1.865386e-09 4.812843e-04 1.370887e+04
2.037143 2.394415e-06 1.810555e-09 4.719463e-04 1.366096e+04
2.029145 2.371202e-06 1.757507e-09 4.628192e-04 1.361346e+04
2.021197 2.348226e-06 1.705854e-09 4.538238e-04 1.356638e+04
2.013298 2.324824e-06 1.651975e-09 4.441324e-04 1.351969e+04
2.005447 2.301727e-06 1.599965e-09 4.346785e-04 1.347339e+04
1.997645 2.278930e-06 1.549751e-09 4.254552e-04 1.342749e+04
1.989890 2.256428e-06 1.501268e-09 4.164565e-04 1.338196e+04
1.982182 2.234352e-06 1.454821e-09 4.077527e-04 1.333682e+04
1.974521 2.212726e-06 1.410397e-09 3.993500e-04 1.329204e+04
1.966906 2.191371e-06 1.367461e-09 3.911460e-04 1.324766e+04
1.959336 2.170286e-06 1.325963e-09 3.831359e-04 1.320364e+04
1.951812 2.149467e-06 1.285849e-09 3.753144e-04 1.315998e+04
1.944333 2.129575e-06 1.249094e-09 3.681467e-04 1.311667e+04
1.936898 2.110139e-06 1.214144e-09 3.612884e-04 1.307372e+04
1.929507 2.090938e-06 1.180275e-09 3.545786e-04 1.303112e+04
1.922159 2.071966e-06 1.147449e-09 3.480134e-04 1.298887e+04
1.914855 2.053220e-06 1.115634e-09 3.415895e-04 1.294697e+04
1.907593 2.035162e-06 1.085866e-09 3.355423e-04 1.290540e+04
1.900374 2.017320e-06 1.056992e-09 3.296229e-04 1.286416e+04
1.893196 1.999683e-06 1.028967e-09 3.238252e-04 1.282326e+04
1.886060 1.982251e-06 1.001767e-09 3.181466e-04 1.278269e+04
1.878965 1.964910e-06 9.750304e-10 3.124909e-04 1.274243e+04
1.871911 1.947181e-06 9.473225e-10 3.064559e-04 1.270249e+04
1.864897 1.929662e-06 9.204815e-10 3.005551e-04 1.266286e+04
1.857923 1.912350e-06 8.944780e-10 2.947852e-04 1.262353e+04
1.850988 1.895244e-06 8.692854e-10 2.891433e-04 1.258449e+04
1.844093 1.878519e-06 8.453008e-10 2.837395e-04 1.254575e+04
1.837236 1.862525e-06 8.232870e-10 2.787861e-04 1.250731e+04
1.830418 1.846711e-06 8.019088e-10 2.739334e-04 1.246917e+04
1.823638 1.831075e-06 7.811460e-10 2.691792e-04 1.243131e+04
1.816896 1.815614e-06 7.609793e-10 2.645211e-04 1.239374e+04
1.810191 1.800508e-06 7.417523e-10 2.600564e-04 1.235645e+04
1.803523 1.786043e-06 7.239941e-10 2.559366e-04 1.231945e+04
1.796892 1.771731e-06 7.067086e-10 2.518933e-04 1.228274e+04
1.790297 1.757571e-06 6.898836e-10 2.479254e-04 1.224630e+04
1.783739 1.743563e-06 6.735056e-10 2.440311e-04 1.221014e+04
1.777216 1.729684e-06 6.574561e-10 2.401713e-04 1.217424e+04
1.770728 1.715888e-06 6.414866e-10 2.362586e-04 1.213861e+04
1.764276 1.702237e-06 6.259487e-10 2.324206e-04 1.210324e+04
1.757858 1.688732e-06 6.108292e-10 2.286555e-04 1.206812e+04
1.751475 1.675368e-06 5.961157e-10 2.249619e-04 1.203327e+04
1.745126 1.662167e-06 5.818171e-10 2.213426e-04 1.199864e+04
1.738811 1.649253e-06 5.680555e-10 2.178263e-04 1.196427e+04
1.732530 1.636473e-06 5.546561e-10 2.143755e-04 1.193015e+04
1.726281 1.623826e-06 5.416085e-10 2.109887e-04 1.189627e+04
1.720066 1.611309e-06 5.289024e-10 2.076646e-04 1.186264e+04
1.713883 1.598920e-06 5.165282e-10 2.044020e-04 1.182924e+04
1.707733 1.587138e-06 5.052052e-10 2.014265e-04 1.179608e+04
1.701615 1.575515e-06 4.942232e-10 1.985221e-04 1.176316e+04
1.695529 1.564007e-06 4.835087e-10 1.956673e-04 1.173047e+04
1.689474 1.552612e-06 4.730544e-10 1.928613e-04 1.169801e+04
1.683451 1.541328e-06 4.628532e-10 1.901029e-04 1.166577e+04
1.677459 1.530420e-06 4.532367e-10 1.874957e-04 1.163376e+04
1.671497 1.519757e-06 4.440194e-10 1.849854e-04 1.160198e+04
1.665566 1.509194e-06 4.350132e-10 1.825155e-04 1.157041e+04
1.659665 1.498730e-06 4.262126e-10 1.800848e-04 1.153906e+04
1.653794 1.488365e-06 4.176124e-10 1.776929e-04 1.150793e+04
1.647953 1.478047e-06 4.090527e-10 1.752750e-04 1.147701e+04
1.642142 1.467723e-06 4.003649e-10 1.727609e-04 1.144630e+04
1.636360 1.457497e-06 3.918842e-10 1.702896e-04 1.141578e+04
1.630606 1.447367e-06 3.836045e-10 1.678600e-04 1.138546e+04
1.624882 1.437332e-06 3.755204e-10 1.654712e-04 1.135536e+04
1.619186 1.427390e-06 3.676269e-10 1.631226e-04 1.132545e+04
1.613518 1.417914e-06 3.603682e-10 1.609701e-04 1.129575e+04
1.607878 1.408562e-06 3.533162e-10 1.588675e-04 1.126624e+04
1.602266 1.399293e-06 3.464196e-10 1.567977e-04 1.123693e+04
1.596682 1.390107e-06 3.396745e-10 1.547600e-04 1.120781e+04
1.591125 1.381003e-06 3.330773e-10 1.527539e-04 1.117889e+04
1.585596 1.372140e-06 3.267959e-10 1.508400e-04 1.115014e+04
1.580093 1.363571e-06 3.208780e-10 1.490373e-04 1.112158e+04
1.574617 1.355075e-06 3.150815e-10 1.472606e-04 1.109320e+04
1.569167 1.346651e-06 3.094036e-10 1.455094e-04 1.106501e+04
1.563744 1.338299e-06 3.038416e-10 1.437833e-04 1.103701e+04
1.558346 1.330017e-06 2.983929e-10 1.420820e-04 1.100918e+04
1.552975 1.321792e-06 2.929817e-10 1.403614e-04 1.098153e+04
1.547629 1.313634e-06 2.876701e-10 1.386591e-04 1.095406e+04
1.542309 1.305547e-06 2.824679e-10 1.369816e-04 1.092675e+04
1.537014 1.297527e-06 2.773720e-10 1.353285e-04 1.089961e+04
1.531744 1.289575e-06 2.723800e-10 1.336994e-04 1.087265e+04
1.526499 1.281701e-06 2.674916e-10 1.320917e-04 1.084585e+04
1.521278 1.273930e-06 2.627096e-10 1.305006e-04 1.081923e+04
1.516082 1.266223e-06 2.580241e-10 1.289325e-04 1.079277e+04
1.510910 1.258582e-06 2.534335e-10 1.273871e-04 1.076646e+04
1.505763 1.251003e-06 2.489352e-10 1.258639e-04 1.074032e+04
1.500639 1.243487e-06 2.445271e-10 1.243624e-04 1.071434e+04
1.495539 1.236195e-06 2.403473e-10 1.229381e-04 1.068852e+04
1.490462 1.229111e-06 2.363758e-10 1.215842e-04 1.066285e+04
1.485409 1.222084e-06 2.324792e-10 1.202485e-04 1.063733e+04
1.480379 1.215113e-06 2.286558e-10 1.189305e-04 1.061197e+04
1.475372 1.208196e-06 2.249037e-10 1.176301e-04 1.058676e+04
1.470388 1.201334e-06 2.212218e-10 1.163468e-04 1.056171e+04
1.465426 1.194742e-06 2.177745e-10 1.151477e-04 1.053679e+04
1.460487 1.188277e-06 2.144469e-10 1.139874e-04 1.051202e+04
1.455570 1.181860e-06 2.111776e-10 1.128414e-04 1.048740e+04
1.450676 1.175491e-06 2.079653e-10 1.117096e-04 1.046293e+04
1.445803 1.169170e-06 2.048089e-10 1.105916e-04 1.043861e+04
1.440952 1.162898e-06 2.017078e-10 1.094875e-04 1.041441e+04
1.436123 1.156729e-06 1.986283e-10 1.083699e-04 1.039036e+04
1.431315 1.150615e-06 1.955981e-10 1.072626e-04 1.036645e+04
1.426528 1.144545e-06 1.926207e-10 1.061690e-04 1.034269e+04
1.421763 1.138519e-06 1.896951e-10 1.050890e-04 1.031906e+04
1.417019 1.132539e-06 1.868206e-10 1.040225e-04 1.029555e+04
1.412295 1.126603e-06 1.839958e-10 1.029692e-04 1.027218e+04
1.407593 1.120943e-06 1.813762e-10 1.019957e-04 1.024895e+04
1.402910 1.115338e-06 1.788087e-10 1.010376e-04 1.022585e+04
1.398248 1.109772e-06 1.762830e-10 1.000905e-04 1.020289e+04
1.393607 1.104245e-06 1.737983e-10 9.915440e-05 1.018006e+04
1.388985 1.098757e-06 1.713542e-10 9.822915e-05 1.015734e+04
1.384384 1.093308e-06 1.689496e-10 9.731454e-05 1.013475e+04
1.379802 1.088106e-06 1.667133e-10 9.646681e-05 1.011230e+04
1.375240 1.082955e-06 1.645205e-10 9.563230e-05 1.008997e+04
1.370697 1.077837e-06 1.623610e-10 9.480677e-05 1.006776e+04
1.366174 1.072755e-06 1.602346e-10 9.399021e-05 1.004567e+04
1.361670 1.067707e-06 1.581404e-10 9.318241e-05 1.002370e+04
1.357185 1.062692e-06 1.560780e-10 9.238326e-05 1.000186e+04
1.352719 1.057906e-06 1.541774e-10 9.164811e-05 9.980131e+03
1.348272 1.053188e-06 1.523274e-10 9.093033e-05 9.958514e+03
1.343844 1.048499e-06 1.505033e-10 9.021966e-05 9.937016e+03
1.339434 1.043840e-06 1.487048e-10 8.951601e-05 9.915636e+03
1.335043 1.039210e-06 1.469313e-10 8.881929e-05 9.894375e+03
1.330670 1.034610e-06 1.451825e-10 8.812943e-05 9.873230e+03
1.326315 1.030187e-06 1.435504e-10 8.748558e-05 9.852200e+03
1.321978 1.025859e-06 1.419821e-10 8.686579e-05 9.831271e+03
1.317659 1.021558e-06 1.404341e-10 8.625164e-05 9.810456e+03
1.313358 1.017282e-06 1.389060e-10 8.564307e-05 9.789753e+03
1.309075 1.013032e-06 1.373975e-10 8.504001e-05 9.769161e+03
1.304809 1.008808e-06 1.359083e-10 8.444241e-05 9.748681e+03
1.300560 1.004686e-06 1.344735e-10 8.386604e-05 9.728310e+03
1.296329 1.000682e-06 1.331000e-10 8.331426e-05 9.708047e+03
1.292115 9.967023e-07 1.317434e-10 8.276728e-05 9.687879e+03
1.287918 9.927457e-07 1.304032e-10 8.222496e-05 9.667817e+03
1.283738 9.888119e-07 1.290792e-10 8.168726e-05 9.647862e+03
1.279575 9.849008e-07 1.277712e-10 8.115412e-05 9.628011e+03
1.275429 9.810334e-07 1.264878e-10 8.062952e-05 9.608264e+03
1.271299 9.773289e-07 1.252777e-10 8.013551e-05 9.588607e+03
1.267186 9.736449e-07 1.240813e-10 7.964548e-05 9.569053e+03
1.263089 9.699812e-07 1.228987e-10 7.915939e-05 9.549600e+03
1.259009 9.663377e-07 1.217295e-10 7.867719e-05 9.530247e+03
1.254945 9.627152e-07 1.205738e-10 7.819893e-05 9.510981e+03
1.250896 9.591126e-07 1.194312e-10 7.772448e-05 9.491813e+03
1.246864 9.558116e-07 1.184431e-10 7.731662e-05 9.472745e+03
1.242847 9.526254e-07 1.175138e-10 7.693344e-05 9.453773e+03
1.238847 9.494552e-07 1.165935e-10 7.655286e-05 9.434898e+03
1.234862 9.463008e-07 1.156821e-10 7.617486e-05 9.416119e+03
1.230892 9.431621e-07 1.147793e-10 7.579941e-05 9.397435e+03
1.226938 9.400401e-07 1.138855e-10 7.542658e-05 9.378831e+03
1.222999 9.369760e-07 1.130165e-10 7.506356e-05 9.360321e+03
1.219076 9.340382e-07 1.121983e-10 7.472205e-05 9.341903e+03
1.215167 9.311144e-07 1.113873e-10 7.438270e-05 9.323578e+03
1.211274 9.282045e-07 1.105837e-10 7.404550e-05 9.305343e+03
1.207395 9.253083e-07 1.097873e-10 7.371043e-05 9.287199e+03
1.203532 9.224268e-07 1.089981e-10 7.337754e-05 9.269131e+03
1.199683 9.195590e-07 1.082160e-10 7.304675e-05 9.251151e+03
1.195849 9.167897e-07 1.074689e-10 7.273064e-05 9.233260e+03
1.192029 9.140640e-07 1.067384e-10 7.242105e-05 9.215457e+03
1.188224 9.113507e-07 1.060140e-10 7.211332e-05 9.197740e+03
1.184433 9.086498e-07 1.052959e-10 7.180743e-05 9.180109e+03
1.180657 9.059621e-07 1.045839e-10 7.150344e-05 9.162551e+03
1.176894 9.032866e-07 1.038780e-10 7.120126e-05 9.145076e+03
1.173146 9.006489e-07 1.031887e-10 7.090581e-05 9.127686e+03
1.169412 8.982195e-07 1.025862e-10 7.064975e-05 9.110380e+03
1.165691 8.958002e-07 1.019883e-10 7.039504e-05 9.093156e+03
1.161985 8.933922e-07 1.013950e-10 7.014174e-05 9.076001e+03
1.158292 8.909943e-07 1.008062e-10 6.988978e-05 9.058927e+03
1.154613 8.886064e-07 1.002216e-10 6.963913e-05 9.041934e+03
1.150947 8.862285e-07 9.964142e-11 6.938980e-05 9.025020e+03
1.147295 8.839813e-07 9.911733e-11 6.916601e-05 9.008187e+03
1.143657 8.819098e-07 9.866820e-11 6.897674e-05 8.991432e+03
1.140031 8.798461e-07 9.822176e-11 6.878827e-05 8.974756e+03
1.136419 8.777911e-07 9.777826e-11 6.860068e-05 8.958144e+03
1.132820 8.757438e-07 9.733736e-11 6.841389e-05 8.941609e+03
1.129234 8.737042e-07 9.689911e-11 6.822790e-05 8.925150e+03
1.125661 8.716723e-07 9.646346e-11 6.804269e-05 8.908767e+03
1.122101 8.697039e-07 9.604548e-11 6.786481e-05 8.892459e+03
1.118554 8.677725e-07 9.563790e-11 6.769114e-05 8.876226e+03
1.115020 8.658481e-07 9.523264e-11 6.751818e-05 8.860067e+03
1.111498 8.639315e-07 9.482985e-11 6.734598e-05 8.843968e+03
1.107989 8.620219e-07 9.442937e-11 6.717448e-05 8.827942e+03
1.104492 8.601190e-07 9.403113e-11 6.700367e-05 8.811989e+03
1.101008 8.582231e-07 9.363517e-11 6.683355e-05 8.796107e+03
1.097536 8.563968e-07 9.325714e-11 6.667080e-05 8.780296e+03
1.094077 8.545920e-07 9.288496e-11 6.651029e-05 8.764556e+03
1.090629 8.527936e-07 9.251479e-11 6.635040e-05 8.748886e+03
1.087194 8.510020e-07 9.214676e-11 6.619119e-05 8.733273e+03
1.083771 8.492168e-07 9.178075e-11 6.603259e-05 8.717729e+03
1.080360 8.474377e-07 9.141667e-11 6.587461e-05 8.702253e+03
1.076961 8.456647e-07 9.105457e-11 6.571723e-05 8.686846e+03
1.073573 8.441829e-07 9.080697e-11 6.561211e-05 8.671506e+03
1.070198 8.427423e-07 9.057487e-11 6.551396e-05 8.656232e+03
1.066834 8.413067e-07 9.034379e-11 6.541615e-05 8.641013e+03
1.063482 8.398754e-07 9.011357e-11 6.531859e-05 8.625860e+03
1.060141 8.384482e-07 8.988420e-11 6.522130e-05 8.610772e+03
1.056812 8.370253e-07 8.965569e-11 6.512427e-05 8.595749e+03
1.053494 8.356065e-07 8.942798e-11 6.502749e-05 8.580791e+03
1.050188 8.342959e-07 8.923422e-11 6.494562e-05 8.565896e+03
1.046893 8.330018e-07 8.904520e-11 6.486575e-05 8.551065e+03
1.043609 8.317122e-07 8.885692e-11 6.478613e-05 8.536285e+03
1.040337 8.304259e-07 8.866922e-11 6.470669e-05 8.521567e+03
1.037075 8.291432e-07 8.848212e-11 6.462743e-05 8.506912e+03
1.033825 8.278639e-07 8.829562e-11 6.454836e-05 8.492318e+03
1.030585 8.265882e-07 8.810967e-11 6.446947e-05 8.477785e+03
1.027357 8.253643e-07 8.793528e-11 6.439519e-05 8.463312e+03
1.024139 8.241550e-07 8.776392e-11 6.432210e-05 8.448888e+03
1.020932 8.229489e-07 8.759310e-11 6.424918e-05 8.434524e+03
1.017736 8.217458e-07 8.742275e-11 6.417641e-05 8.420219e+03
1.014550 8.205461e-07 8.725289e-11 6.410380e-05 8.405973e+03
1.011376 8.193492e-07 8.708356e-11 6.403134e-05 8.391785e+03
1.008211 8.181556e-07 8.691470e-11 6.395905e-05 8.377656e+03
1.005057 8.170503e-07 8.677432e-11 6.389916e-05 8.363572e+03
1.001914 8.159882e-07 8.664762e-11 6.384522e-05 8.349546e+03
0.998781 8.149285e-07 8.652118e-11 6.379137e-05 8.335576e+03
0.995658 8.138714e-07 8.639504e-11 6.373761e-05 8.321662e+03
0.992546 8.128167e-07 8.626917e-11 6.368394e-05 8.307805e+03
0.989443 8.117645e-07 8.614355e-11 6.363035e-05 8.294003e+03
0.986351 8.107148e-07 8.601823e-11 6.357686e-05 8.280257e+03
0.983269 8.097691e-07 8.593037e-11 6.354000e-05 8.266553e+03
0.980197 8.089445e-07 8.588645e-11 6.352272e-05 8.252904e+03
0.977135 8.081216e-07 8.584253e-11 6.350543e-05 8.239309e+03
0.974083 8.073002e-07 8.579859e-11 6.348812e-05 8.225767e+03
0.971040 8.064804e-07 8.575456e-11 6.347080e-05 8.212279e+03
0.968008 8.056622e-07 8.571058e-11 6.345346e-05 8.198843e+03
0.964985 8.048455e-07 8.566654e-11 6.343612e-05 8.185460e+03
0.961972 8.040392e-07 8.562448e-11 6.341954e-05 8.172117e+03
0.958968 8.032743e-07 8.559140e-11 6.340648e-05 8.158826e+03
0.955974 8.025108e-07 8.555823e-11 6.339339e-05 8.145587e+03
0.952990 8.017486e-07 8.552503e-11 6.338027e-05 8.132398e+03
0.950015 8.009878e-07 8.549178e-11 6.336715e-05 8.119260e+03
0.947050 8.002284e-07 8.545849e-11 6.335400e-05 8.106173e+03
0.944094 7.994704e-07 8.542521e-11 6.334085e-05 8.093135e+03
0.941147 7.987138e-07 8.539185e-11 6.332766e-05 8.080147e+03
0.938209 7.979968e-07 8.536644e-11 6.331747e-05 8.067196e+03
0.935281 7.972907e-07 8.534293e-11 6.330800e-05 8.054294e+03
0.932362 7.965856e-07 8.531936e-11 6.329850e-05 8.041441e+03
0.929452 7.958818e-07 8.529574e-11 6.328898e-05 8.028636e+03
0.926551 7.951791e-07 8.527207e-11 6.327944e-05 8.015879e+03
0.923659 7.944777e-07 8.524831e-11 6.326986e-05 8.003169e+03
0.920776 7.937775e-07 8.522455e-11 6.326028e-05 7.990507e+03
0.917902 7.931478e-07 8.522436e-11 6.326003e-05 7.977891e+03
0.915037 7.926395e-07 8.526506e-11 6.327596e-05 7.965311e+03
0.912181 7.921318e-07 8.530562e-11 6.329183e-05 7.952777e+03
0.909334 7.916248e-07 8.534604e-11 6.330764e-05 7.940288e+03
0.906495 7.911183e-07 8.538634e-11 6.332340e-05 7.927846e+03
0.903665 7.906126e-07 8.542649e-11 6.333911e-05 7.915448e+03
0.900844 7.901074e-07 8.546648e-11 6.335474e-05 7.903095e+03
0.898031 7.896028e-07 8.550638e-11 6.337033e-05 7.890788e+03
0.895227 7.891831e-07 8.557206e-11 6.339597e-05 7.878513e+03
0.892431 7.887777e-07 8.564183e-11 6.342319e-05 7.866282e+03
0.889644 7.883725e-07 8.571145e-11 6.345035e-05 7.854095e+03
0.886865 7.879677e-07 8.578098e-11 6.347745e-05 7.841951e+03
0.884095 7.875634e-07 8.585040e-11 6.350449e-05 7.829850e+03
0.881332 7.871594e-07 8.591962e-11 6.353146e-05 7.817792e+03
0.878579 7.867557e-07 8.598872e-11 6.355837e-05 7.805777e+03
0.875833 7.863636e-07 8.606021e-11 6.358616e-05 7.793804e+03
0.873096 7.860010e-07 8.613824e-11 6.361639e-05 7.781862e+03
0.870367 7.856387e-07 8.621610e-11 6.364655e-05 7.769962e+03
0.867646 7.852768e-07 8.629382e-11 6.367665e-05 7.758103e+03
0.864933 7.849150e-07 8.637148e-11 6.370669e-05 7.746285e+03
0.862228 7.845536e-07 8.644895e-11 6.373665e-05 7.734508e+03
0.859531 7.841925e-07 8.652631e-11 6.376657e-05 7.722771e+03
0.856842 7.838317e-07 8.660357e-11 6.379643e-05 7.711075e+03
0.854161 7.835175e-07 8.669288e-11 6.383047e-05 7.699419e+03
0.851487 7.832317e-07 8.678942e-11 6.386702e-05 7.687791e+03
0.848822 7.829461e-07 8.688585e-11 6.390350e-05 7.676203e+03
0.846164 7.826607e-07 8.698221e-11 6.393994e-05 7.664654e+03
0.843515 7.823753e-07 8.707843e-11 6.397631e-05 7.653145e+03
0.840873 7.820901e-07 8.717456e-11 6.401261e-05 7.641673e+03
0.838238 7.818049e-07 8.727052e-11 6.404885e-05 7.630241e+03
0.835611 7.815201e-07 8.736645e-11 6.408504e-05 7.618846e+03
0.832992 7.814057e-07 8.751180e-11 6.413740e-05 7.607490e+03
0.830380 7.813080e-07 8.766203e-11 6.419129e-05 7.596171e+03
0.827776 7.812110e-07 8.781242e-11 6.424521e-05 7.584879e+03
0.825180 7.811136e-07 8.796275e-11 6.429905e-05 7.573624e+03
0.822591 7.810161e-07 8.811309e-11 6.435284e-05 7.562406e+03
0.820009 7.809184e-07 8.826335e-11 6.440656e-05 7.551225e+03
0.817434 7.808206e-07 8.841361e-11 6.446024e-05 7.540080e+03
0.814867 7.807268e-07 8.856500e-11 6.451428e-05 7.528971e+03
0.812308 7.806659e-07 8.872489e-11 6.457150e-05 7.517899e+03
0.809755 7.806048e-07 8.888480e-11 6.462868e-05 7.506862e+03
0.807210 7.805442e-07 8.904490e-11 6.468587e-05 7.495849e+03
0.804672 7.804834e-07 8.920495e-11 6.474299e-05 7.484873e+03
0.802141 7.804222e-07 8.936504e-11 6.480006e-05 7.473931e+03
0.799617 7.803609e-07 8.952508e-11 6.485707e-05 7.463024e+03
0.797100 7.802995e-07 8.968516e-11 6.491404e-05 7.452151e+03
0.794591 7.802471e-07 8.984767e-11 6.497187e-05 7.441314e+03
0.792088 7.802208e-07 9.001701e-11 6.503224e-05 7.430510e+03
0.789592 7.801941e-07 9.018641e-11 6.509256e-05 7.419740e+03
0.787104 7.801672e-07 9.035579e-11 6.515283e-05 7.409004e+03
0.784622 7.801409e-07 9.052538e-11 6.521311e-05 7.398290e+03
0.782147 7.801144e-07 9.069505e-11 6.527335e-05 7.387610e+03
0.779679 7.800876e-07 9.086470e-11 6.533354e-05 7.376963e+03
0.777218 7.800606e-07 9.103440e-11 6.539368e-05 7.366349e+03
0.774763 7.800746e-07 9.121960e-11 6.546022e-05 7.355768e+03
0.772315 7.801689e-07 9.143526e-11 6.553936e-05 7.345219e+03
0.769874 7.802629e-07 9.165108e-11 6.561846e-05 7.334702e+03
0.767440 7.803565e-07 9.186708e-11 6.569753e-05 7.324218e+03
0.765012 7.804497e-07 9.208320e-11 6.577657e-05 7.313765e+03
0.762591 7.805434e-07 9.229975e-11 6.585565e-05 7.303333e+03
0.760177 7.806367e-07 9.251640e-11 6.593470e-05 7.292933e+03
0.757769 7.807297e-07 9.273324e-11 6.601371e-05 7.282564e+03
0.755368 7.808493e-07 9.296004e-11 6.609668e-05 7.272226e+03
0.752973 7.810196e-07 9.320575e-11 6.618720e-05 7.261919e+03
0.750584 7.811896e-07 9.345172e-11 6.627769e-05 7.251642e+03
0.748202 7.813591e-07 9.369799e-11 6.636818e-05 7.241396e+03
0.745827 7.815282e-07 9.394453e-11 6.645865e-05 7.231180e+03
0.743458 7.816977e-07 9.419150e-11 6.654917e-05 7.220984e+03
0.741095 7.818668e-07 9.443875e-11 6.663968e-05 7.210817e+03
0.738738 7.820356e-07 9.468631e-11 6.673018e-05 7.200681e+03
0.736388 7.822138e-07 9.493700e-11 6.682172e-05 7.190573e+03
0.734044 7.824159e-07 9.519506e-11 6.691585e-05 7.180496e+03
0.731706 7.826175e-07 9.545346e-11 6.700998e-05 7.170447e+03
0.729375 7.828188e-07 9.571220e-11 6.710410e-05 7.160427e+03
0.727049 7.830197e-07 9.597126e-11 6.719821e-05 7.150436e+03
0.724730 7.832202e-07 9.623063e-11 6.729232e-05 7.140474e+03
0.722417 7.834211e-07 9.649055e-11 6.738650e-05 7.130529e+03
0.720110 7.836216e-07 9.675076e-11 6.748067e-05 7.120613e+03
0.717809 7.838304e-07 9.701473e-11 6.757632e-05 7.110725e+03
0.715514 7.840828e-07 9.729635e-11 6.767954e-05 7.100865e+03
0.713225 7.843348e-07 9.757842e-11 6.778278e-05 7.091033e+03
0.710942 7.845864e-07 9.786093e-11 6.788603e-05 7.081228e+03
0.708665 7.848376e-07 9.814383e-11 6.798928e-05 7.071451e+03
0.706394 7.850885e-07 9.842720e-11 6.809257e-05 7.061701e+03
0.704128 7.853389e-07 9.871096e-11 6.819586e-05 7.051977e+03
0.701869 7.855890e-07 9.899517e-11 6.829916e-05 7.042281e+03
0.699615 7.858386e-07 9.927982e-11 6.840248e-05 7.032612e+03
0.697368 7.862447e-07 9.964954e-11 6.854728e-05 7.022969e+03
0.695126 7.866539e-07 1.000221e-10 6.869315e-05 7.013352e+03
0.692889 7.870627e-07 1.003955e-10 6.883912e-05 7.003762e+03
0.690659 7.874710e-07 1.007698e-10 6.898521e-05 6.994197e+03
0.688434 7.878790e-07 1.011451e-10 6.913143e-05 6.984659e+03
0.686215 7.882865e-07 1.015212e-10 6.927775e-05 6.975146e+03
0.684002 7.886936e-07 1.018983e-10 6.942421e-05 6.965659e+03
0.681794 7.891003e-07 1.022762e-10 6.957078e-05 6.956198e+03
0.679592 7.895322e-07 1.026641e-10 6.972078e-05 6.946761e+03
0.677395 7.899734e-07 1.030564e-10 6.987216e-05 6.937350e+03
0.675204 7.904141e-07 1.034496e-10 7.002366e-05 6.927964e+03
0.673018 7.908543e-07 1.038439e-10 7.017530e-05 6.918602e+03
0.670838 7.912943e-07 1.042391e-10 7.032709e-05 6.909265e+03
0.668664 7.917339e-07 1.046354e-10 7.047900e-05 6.899953e+03
0.666495 7.921730e-07 1.050327e-10 7.063105e-05 6.890664e+03
0.664331 7.926118e-07 1.054310e-10 7.078324e-05 6.881400e+03
0.662173 7.930637e-07 1.058345e-10 7.093694e-05 6.872161e+03
0.660020 7.935342e-07 1.062452e-10 7.109273e-05 6.862945e+03
0.657872 7.940043e-07 1.066570e-10 7.124867e-05 6.853752e+03
0.655730 7.944742e-07 1.070699e-10 7.140476e-05 6.844584e+03
0.653593 7.949436e-07 1.074838e-10 7.156100e-05 6.835439e+03
0.651462 7.954127e-07 1.078989e-10 7.171739e-05 6.826317e+03
0.649336 7.958814e-07 1.083150e-10 7.187393e-05 6.817218e+03
0.647215 7.963498e-07 1.087322e-10 7.203062e-05 6.808142e+03
0.645099 7.968225e-07 1.091525e-10 7.218826e-05 6.799090e+03
0.642988 7.973999e-07 1.096174e-10 7.236396e-05 6.790060e+03
0.640883 7.979770e-07 1.100837e-10 7.253988e-05 6.781052e+03
0.638782 7.985538e-07 1.105514e-10 7.271601e-05 6.772068e+03
0.636687 7.991303e-07 1.110206e-10 7.289237e-05 6.763105e+03
0.634597 7.997064e-07 1.114912e-10 7.306894e-05 6.754165e+03
0.632512 8.002814e-07 1.119630e-10 7.324566e-05 6.745257e+03
0.630432 8.008562e-07 1.124363e-10 7.342260e-05 6.736370e+03
0.628357 8.014307e-07 1.129110e-10 7.359977e-05 6.727506e+03
0.626287 8.020598e-07 1.134106e-10 7.378648e-05 6.718663e+03
0.624223 8.027240e-07 1.139270e-10 7.397946e-05 6.709841e+03
0.622163 8.033878e-07 1.144451e-10 7.417271e-05 6.701041e+03
0.620108 8.040515e-07 1.149649e-10 7.436625e-05 6.692263e+03
0.618058 8.047149e-07 1.154866e-10 7.456006e-05 6.683505e+03
0.616013 8.053781e-07 1.160100e-10 7.475416e-05 6.674769e+03
0.613973 8.060411e-07 1.165352e-10 7.494855e-05 6.666053e+03
0.611937 8.067031e-07 1.170620e-10 7.514315e-05 6.657368e+03
0.609907 8.073688e-07 1.175920e-10 7.533850e-05 6.648704e+03
0.607881 8.080645e-07 1.181350e-10 7.553759e-05 6.640060e+03
0.605860 8.087600e-07 1.186800e-10 7.573699e-05 6.631436e+03
0.603844 8.094554e-07 1.192269e-10 7.593670e-05 6.622833e+03
0.601833 8.101505e-07 1.197757e-10 7.613671e-05 6.614250e+03
0.599827 8.108455e-07 1.203264e-10 7.633702e-05 6.605686e+03
0.597825 8.115403e-07 1.208791e-10 7.653764e-05 6.597143e+03
0.595828 8.122342e-07 1.214334e-10 7.673849e-05 6.588629e+03
0.593836 8.129278e-07 1.219897e-10 7.693965e-05 6.580135e+03
0.591848 8.136425e-07 1.225562e-10 7.714368e-05 6.571661e+03
0.589865 8.143732e-07 1.231312e-10 7.735000e-05 6.563205e+03
0.587886 8.151038e-07 1.237082e-10 7.755665e-05 6.554769e+03
0.585913 8.158342e-07 1.242873e-10 7.776362e-05 6.546353e+03
0.583944 8.165637e-07 1.248682e-10 7.797085e-05 6.537965e+03
0.581979 8.172931e-07 1.254513e-10 7.817840e-05 6.529596e+03
0.580019 8.180224e-07 1.260364e-10 7.838629e-05 6.521245e+03
0.578063 8.187516e-07 1.266237e-10 7.859452e-05 6.512914e+03
0.576112 8.194807e-07 1.272130e-10 7.880306e-05 6.504601e+03
0.574166 8.203393e-07 1.278520e-10 7.902526e-05 6.496306e+03
0.572224 8.212029e-07 1.284952e-10 7.924837e-05 6.488030e+03
0.570286 8.220659e-07 1.291409e-10 7.947180e-05 6.479782e+03
0.568353 8.229288e-07 1.297891e-10 7.969563e-05 6.471552e+03
0.566425 8.237917e-07 1.304398e-10 7.991985e-05 6.463340e+03
0.564501 8.246548e-07 1.310932e-10 8.014448e-05 6.455146e+03
0.562581 8.255178e-07 1.317492e-10 8.036949e-05 6.446970e+03
0.560665 8.263800e-07 1.324075e-10 8.059484e-05 6.438821e+03
0.558754 8.272533e-07 1.330732e-10 8.082198e-05 6.430690e+03
0.556847 8.281519e-07 1.337526e-10 8.105281e-05 6.422576e+03
0.554945 8.290506e-07 1.344348e-10 8.128405e-05 6.414479e+03
0.553047 8.299496e-07 1.351199e-10 8.151573e-05 6.406400e+03
0.551153 8.308485e-07 1.358077e-10 8.174783e-05 6.398338e+03
0.549263 8.317467e-07 1.364981e-10 8.198026e-05 6.390303e+03
0.547378 8.326451e-07 1.371913e-10 8.221314e-05 6.382284e+03
0.545497 8.335435e-07 1.378873e-10 8.244645e-05 6.374283e+03
0.543620 8.344422e-07 1.385862e-10 8.268018e-05 6.366298e+03
0.541747 8.353609e-07 1.392965e-10 8.291668e-05 6.358330e+03
0.539879 8.362933e-07 1.400156e-10 8.315522e-05 6.350388e+03
0.538015 8.372259e-07 1.407378e-10 8.339421e-05 6.342463e+03
0.536154 8.381587e-07 1.414630e-10 8.363367e-05 6.334553e+03
0.534298 8.390916e-07 1.421911e-10 8.387357e-05 6.326661e+03
0.532446 8.400239e-07 1.429221e-10 8.411383e-05 6.318793e+03
0.530599 8.409563e-07 1.436561e-10 8.435456e-05 6.310942e+03
0.528755 8.418890e-07 1.443932e-10 8.459574e-05 6.303107e+03
0.526915 8.428219e-07 1.451333e-10 8.483739e-05 6.295287e+03
0.525080 8.438196e-07 1.458952e-10 8.508288e-05 6.287484e+03
0.523248 8.448315e-07 1.466644e-10 8.532955e-05 6.279705e+03
0.521421 8.458436e-07 1.474369e-10 8.557669e-05 6.271942e+03
0.519597 8.468560e-07 1.482127e-10 8.582432e-05 6.264195e+03
0.517778 8.478688e-07 1.489920e-10 8.607242e-05 6.256463e+03
0.515962 8.488811e-07 1.497742e-10 8.632093e-05 6.248756e+03
0.514150 8.498937e-07 1.505599e-10 8.656992e-05 6.241063e+03
0.512343 8.509067e-07 1.513490e-10 8.681940e-05 6.233387e+03
0.510539 8.519200e-07 1.521414e-10 8.706937e-05 6.225725e+03
0.508739 8.530134e-07 1.529608e-10 8.732374e-05 6.218078e+03
0.506943 8.541066e-07 1.537835e-10 8.757855e-05 6.210455e+03
0.505151 8.552003e-07 1.546100e-10 8.783387e-05 6.202847e+03
0.503363 8.562946e-07 1.554402e-10 8.808971e-05 6.195254e+03
0.501579 8.573892e-07 1.562740e-10 8.834604e-05 6.187675e+03
0.499798 8.584836e-07 1.571113e-10 8.860281e-05 6.180120e+03
0.498022 8.595784e-07 1.579522e-10 8.886010e-05 6.172580e+03
0.496249 8.606737e-07 1.587970e-10 8.911790e-05 6.165054e+03
0.494480 8.617743e-07 1.596477e-10 8.937670e-05 6.157542e+03
0.492715 8.629082e-07 1.605166e-10 8.963941e-05 6.150053e+03
0.490953 8.640426e-07 1.613895e-10 8.990267e-05 6.142579e+03
0.489195 8.651777e-07 1.622664e-10 9.016646e-05 6.135118e+03
0.487441 8.663134e-07 1.631473e-10 9.043080e-05 6.127672e+03
0.485691 8.674486e-07 1.640320e-10 9.069559e-05 6.120248e+03
0.483945 8.685846e-07 1.649205e-10 9.096091e-05 6.112839e+03
0.482202 8.697210e-07 1.658132e-10 9.122678e-05 6.105443e+03
0.480463 8.708581e-07 1.667099e-10 9.149319e-05 6.098060e+03
0.478727 8.720023e-07 1.676142e-10 9.176098e-05 6.090700e+03
0.476995 8.731756e-07 1.685370e-10 9.203288e-05 6.083354e+03
0.475267 8.743496e-07 1.694642e-10 9.230535e-05 6.076021e+03
0.473542 8.755244e-07 1.703957e-10 9.257839e-05 6.068701e+03
0.471821 8.766989e-07 1.713312e-10 9.285193e-05 6.061404e+03
0.470104 8.778740e-07 1.722710e-10 9.312602e-05 6.054119e+03
0.468390 8.790498e-07 1.732152e-10 9.340069e-05 6.046848e+03
0.466680 8.802254e-07 1.741634e-10 9.367584e-05 6.039599e+03
0.464973 8.814018e-07 1.751160e-10 9.395158e-05 6.032362e+03
0.463270 8.826083e-07 1.760782e-10 9.422749e-05 6.025139e+03
0.461571 8.839102e-07 1.770613e-10 9.450266e-05 6.017928e+03
0.459875 8.852123e-07 1.780488e-10 9.477834e-05 6.010738e+03
0.458182 8.865153e-07 1.790409e-10 9.505458e-05 6.003562e+03
0.456493 8.878192e-07 1.800377e-10 9.533139e-05 5.996398e+03
0.454808 8.891240e-07 1.810393e-10 9.560878e-05 5.989246e+03
0.453125 8.904288e-07 1.820452e-10 9.588665e-05 5.982116e+03
0.451447 8.917347e-07 1.830560e-10 9.616511e-05 5.974998e+03
0.449772 8.930416e-07 1.840715e-10 9.644415e-05 5.967892e+03
0.448100 8.943586e-07 1.850961e-10 9.672458e-05 5.960807e+03
0.446431 8.957112e-07 1.861415e-10 9.700872e-05 5.953734e+03
0.444766 8.970648e-07 1.871919e-10 9.729345e-05 5.946673e+03
0.443105 8.984195e-07 1.882474e-10 9.757879e-05 5.939625e+03
0.441447 8.997744e-07 1.893076e-10 9.786464e-05 5.932597e+03
0.439792 9.011303e-07 1.903729e-10 9.815110e-05 5.925580e+03
0.438140 9.024874e-07 1.914434e-10 9.843817e-05 5.918576e+03
0.436492 9.038447e-07 1.925188e-10 9.872576e-05 5.911592e+03
0.434848 9.052029e-07 1.935993e-10 9.901396e-05 5.904619e+03
0.433206 9.065688e-07 1.946882e-10 9.930340e-05 5.897659e+03
0.431568 9.079676e-07 1.957983e-10 9.959648e-05 5.890709e+03
0.429933 9.093666e-07 1.969134e-10 9.989011e-05 5.883780e+03
0.428301 9.107668e-07 1.980340e-10 1.001844e-04 5.876862e+03
0.426673 9.121682e-07 1.991601e-10 1.004793e-04 5.869955e+03
0.425048 9.135698e-07 2.002914e-10 1.007747e-04 5.863069e+03
0.423426 9.149726e-07 2.014282e-10 1.010708e-04 5.856193e+03
0.421808 9.163768e-07 2.025707e-10 1.013675e-04 5.849329e+03
0.420192 9.177812e-07 2.037184e-10 1.016648e-04 5.842484e+03
0.418580 9.191912e-07 2.048725e-10 1.019626e-04 5.835650e+03
0.416971 9.206650e-07 2.060447e-10 1.022598e-04 5.828827e+03
0.415366 9.221391e-07 2.072223e-10 1.025576e-04 5.822023e+03
0.413763 9.236147e-07 2.084058e-10 1.028560e-04 5.815230e+03
0.412164 9.250917e-07 2.095952e-10 1.031551e-04 5.808448e+03
0.410567 9.265700e-07 2.107904e-10 1.034548e-04 5.801677e+03
0.408974 9.280488e-07 2.119912e-10 1.037550e-04 5.794924e+03
0.407384 9.295291e-07 2.131980e-10 1.040559e-04 5.788182e+03
0.405798 9.310107e-07 2.144107e-10 1.043575e-04 5.781451e+03
0.404214 9.324928e-07 2.156290e-10 1.046596e-04 5.774739e+03
0.402633 9.340511e-07 2.168629e-10 1.049585e-04 5.768036e+03
0.401056 9.356171e-07 2.181036e-10 1.052578e-04 5.761345e+03
0.399481 9.371839e-07 2.193502e-10 1.055576e-04 5.754671e+03
0.397910 9.387522e-07 2.206030e-10 1.058580e-04 5.748008e+03
0.396342 9.403222e-07 2.218620e-10 1.061591e-04 5.741356e+03
0.394776 9.418928e-07 2.231269e-10 1.064607e-04 5.734721e+03
0.393214 9.434652e-07 2.243982e-10 1.067629e-04 5.728097e+03
0.391655 9.450392e-07 2.256757e-10 1.070659e-04 5.721482e+03
0.390099 9.466139e-07 2.269592e-10 1.073693e-04 5.714886e+03
0.388545 9.482215e-07 2.282642e-10 1.076755e-04 5.708300e+03
0.386995 9.498418e-07 2.295811e-10 1.079832e-04 5.701723e+03
0.385448 9.514630e-07 2.309042e-10 1.082914e-04 5.695164e+03
0.383904 9.530859e-07 2.322340e-10 1.086003e-04 5.688615e+03
0.382363 9.547108e-07 2.335706e-10 1.089099e-04 5.682076e+03
0.380824 9.563363e-07 2.349135e-10 1.092200e-04 5.675555e+03
0.379289 9.579637e-07 2.362631e-10 1.095308e-04 5.669043e+03
0.377756 9.595929e-07 2.376196e-10 1.098423e-04 5.662540e+03
0.376227 9.612238e-07 2.389830e-10 1.101544e-04 5.656047e+03
0.374700 9.628778e-07 2.403650e-10 1.104691e-04 5.649572e+03
0.373177 9.645544e-07 2.417654e-10 1.107864e-04 5.643105e+03
0.371656 9.662317e-07 2.431725e-10 1.111042e-04 5.636656e+03
0.370138 9.679112e-07 2.445869e-10 1.114228e-04 5.630217e+03
0.368623 9.695924e-07 2.460086e-10 1.117420e-04 5.623786e+03
0.367111 9.712747e-07 2.474370e-10 1.120619e-04 5.617373e+03
0.365601 9.729589e-07 2.488729e-10 1.123824e-04 5.610969e+03
0.364095 9.746452e-07 2.503162e-10 1.127037e-04 5.604574e+03
0.362591 9.763323e-07 2.517663e-10 1.130255e-04 5.598195e+03
0.361090 9.780475e-07 2.532239e-10 1.133460e-04 5.591826e+03
0.359592 9.798397e-07 2.546886e-10 1.136609e-04 5.585466e+03
0.358097 9.816332e-07 2.561604e-10 1.139764e-04 5.579122e+03
0.356605 9.834290e-07 2.576397e-10 1.142926e-04 5.572787e+03
0.355115 9.852271e-07 2.591266e-10 1.146095e-04 5.566461e+03
0.353628 9.870264e-07 2.606207e-10 1.149269e-04 5.560151e+03
0.352144 9.888280e-07 2.621224e-10 1.152450e-04 5.553850e+03
0.350663 9.906320e-07 2.636318e-10 1.155638e-04 5.547558e+03
0.349184 9.924372e-07 2.651484e-10 1.158831e-04 5.541282e+03
0.347708 9.942449e-07 2.666729e-10 1.162032e-04 5.535014e+03
0.346235 9.961073e-07 2.682247e-10 1.165252e-04 5.528755e+03
0.344765 9.979735e-07 2.697849e-10 1.168480e-04 5.522512e+03
0.343297 9.998422e-07 2.713533e-10 1.171714e-04 5.516278e+03
0.341832 1.001713e-06 2.729297e-10 1.174955e-04 5.510052e+03
0.340370 1.003586e-06 2.745138e-10 1.178202e-04 5.503842e+03
0.338911 1.005461e-06 2.761061e-10 1.181456e-04 5.497640e+03
0.337454 1.007339e-06 2.777067e-10 1.184717e-04 5.491446e+03
0.335999 1.009218e-06 2.793151e-10 1.187983e-04 5.485268e+03
0.334548 1.011099e-06 2.809318e-10 1.191257e-04 5.479098e+03
0.333099 1.013013e-06 2.825720e-10 1.194555e-04 5.472936e+03
0.331653 1.014945e-06 2.842293e-10 1.197868e-04 5.466790e+03
0.330209 1.016879e-06 2.858953e-10 1.201188e-04 5.460652e+03
0.328768 1.018817e-06 2.875701e-10 1.204516e-04 5.454522e+03
0.327330 1.020756e-06 2.892531e-10 1.207850e-04 5.448407e+03
0.325894 1.022697e-06 2.909450e-10 1.211191e-04 5.442300e+03
0.324461 1.024642e-06 2.926457e-10 1.214539e-04 5.436201e+03
0.323030 1.026588e-06 2.943548e-10 1.217893e-04 5.430118e+03
0.321602 1.028536e-06 2.960730e-10 1.221255e-04 5.424042e+03
0.320177 1.030504e-06 2.978020e-10 1.224615e-04 5.417973e+03
0.318754 1.032517e-06 2.995452e-10 1.227957e-04 5.411920e+03
0.317334 1.034533e-06 3.012975e-10 1.231306e-04 5.405874e+03
0.315916 1.036551e-06 3.030583e-10 1.234661e-04 5.399844e+03
0.314501 1.038572e-06 3.048285e-10 1.238024e-04 5.393821e+03
0.313088 1.040596e-06 3.066080e-10 1.241393e-04 5.387805e+03
0.311678 1.042622e-06 3.083964e-10 1.244769e-04 5.381805e+03
0.310270 1.044651e-06 3.101941e-10 1.248152e-04 5.375811e+03
0.308865 1.046682e-06 3.120013e-10 1.251542e-04 5.369825e+03
0.307462 1.048716e-06 3.138174e-10 1.254939e-04 5.363854e+03
0.306062 1.050820e-06 3.156325e-10 1.258257e-04 5.357890e+03
0.304665 1.052938e-06 3.174555e-10 1.261570e-04 5.351933e+03
0.303269 1.055058e-06 3.192874e-10 1.264889e-04 5.345991e+03
0.301877 1.057181e-06 3.211288e-10 1.268215e-04 5.340056e+03
0.300486 1.059306e-06 3.229792e-10 1.271546e-04 5.334136e+03
0.299099 1.061435e-06 3.248394e-10 1.274884e-04 5.328223e+03
0.297713 1.063567e-06 3.267092e-10 1.278229e-04 5.322316e+03
0.296330 1.065701e-06 3.285881e-10 1.281580e-04 5.316424e+03
0.294950 1.067838e-06 3.304768e-10 1.284938e-04 5.310539e+03
0.293572 1.070001e-06 3.323855e-10 1.288308e-04 5.304661e+03
0.292196 1.072193e-06 3.343164e-10 1.291690e-04 5.298797e+03
0.290823 1.074388e-06 3.362575e-10 1.295080e-04 5.292940e+03
0.289452 1.076586e-06 3.382088e-10 1.298476e-04 5.287089e+03
0.288084 1.078787e-06 3.401697e-10 1.301878e-04 5.281253e+03
0.286718 1.080992e-06 3.421410e-10 1.305287e-04 5.275424e+03
0.285354 1.083199e-06 3.441219e-10 1.308702e-04 5.269608e+03
0.283993 1.085409e-06 3.461133e-10 1.312125e-04 5.263799e+03
0.282634 1.087623e-06 3.481152e-10 1.315555e-04 5.257997e+03
0.281277 1.089840e-06 3.501270e-10 1.318990e-04 5.252209e+03
0.279923 1.092111e-06 3.521785e-10 1.322458e-04 5.246427e+03
0.278571 1.094387e-06 3.542412e-10 1.325933e-04 5.240651e+03
0.277222 1.096665e-06 3.563142e-10 1.329414e-04 5.234890e+03
0.275874 1.098947e-06 3.583983e-10 1.332903e-04 5.229134e+03
0.274529 1.101231e-06 3.604928e-10 1.336397e-04 5.223393e+03
0.273187 1.103519e-06 3.625985e-10 1.339900e-04 5.217658e+03
0.271846 1.105811e-06 3.647155e-10 1.343409e-04 5.211929e+03
0.270508 1.108106e-06 3.668429e-10 1.346925e-04 5.206213e+03
0.269173 1.110404e-06 3.689819e-10 1.350448e-04 5.200504e+03
0.267839 1.112745e-06 3.711236e-10 1.353920e-04 5.194808e+03
0.266508 1.115129e-06 3.732693e-10 1.357344e-04 5.189119e+03
0.265179 1.117516e-06 3.754263e-10 1.360775e-04 5.183435e+03
0.263853 1.119906e-06 3.775940e-10 1.364212e-04 5.177765e+03
0.262528 1.122301e-06 3.797731e-10 1.367656e-04 5.172101e+03
0.261206 1.124700e-06 3.819638e-10 1.371106e-04 5.166443e+03
0.259886 1.127101e-06 3.841653e-10 1.374563e-04 5.160798e+03
0.258569 1.129507e-06 3.863784e-10 1.378027e-04 5.155159e+03
0.257253 1.131916e-06 3.886025e-10 1.381496e-04 5.149533e+03
0.255940 1.134329e-06 3.908383e-10 1.384973e-04 5.143914e+03
0.254629 1.136808e-06 3.931035e-10 1.388438e-04 5.138299e+03
0.253320 1.139291e-06 3.953798e-10 1.391909e-04 5.132698e+03
0.252014 1.141778e-06 3.976683e-10 1.395387e-04 5.127103e+03
0.250709 1.144270e-06 3.999689e-10 1.398872e-04 5.121513e+03
0.249407 1.146765e-06 4.022810e-10 1.402363e-04 5.115937e+03
0.248107 1.149264e-06 4.046054e-10 1.405861e-04 5.110366e+03
0.246809 1.151767e-06 4.069413e-10 1.409364e-04 5.104808e+03
0.245514 1.154274e-06 4.092897e-10 1.412875e-04 5.099255e+03
0.244220 1.156785e-06 4.116505e-10 1.416393e-04 5.093708e+03
0.242929 1.159327e-06 4.140369e-10 1.419924e-04 5.088174e+03
0.241640 1.161903e-06 4.164517e-10 1.423468e-04 5.082645e+03
0.240353 1.164484e-06 4.188793e-10 1.427019e-04 5.077122e+03
0.239068 1.167069e-06 4.213193e-10 1.430577e-04 5.071611e+03
0.237785 1.169658e-06 4.237724e-10 1.434142e-04 5.066106e+03
0.236504 1.172251e-06 4.262379e-10 1.437713e-04 5.060614e+03
0.235226 1.174848e-06 4.287165e-10 1.441291e-04 5.055126e+03
0.233949 1.177451e-06 4.312085e-10 1.444876e-04 5.049644e+03
0.232675 1.180057e-06 4.337131e-10 1.448468e-04 5.044175e+03
0.231403 1.182667e-06 4.362311e-10 1.452067e-04 5.038710e+03
0.230132 1.185338e-06 4.387695e-10 1.455642e-04 5.033259e+03
0.228864 1.188018e-06 4.413223e-10 1.459222e-04 5.027812e+03
0.227598 1.190703e-06 4.438889e-10 1.462808e-04 5.022370e+03
0.226335 1.193393e-06 4.464684e-10 1.466401e-04 5.016941e+03
0.225073 1.196087e-06 4.490618e-10 1.470001e-04 5.011517e+03
0.223813 1.198787e-06 4.516691e-10 1.473609e-04 5.006098e+03
0.222555 1.201490e-06 4.542896e-10 1.477222e-04 5.000691e+03
0.221300 1.204198e-06 4.569242e-10 1.480844e-04 4.995289e+03
0.220046 1.206911e-06 4.595720e-10 1.484471e-04 4.989899e+03
0.218794 1.209656e-06 4.622237e-10 1.488066e-04 4.984514e+03
0.217545 1.212459e-06 4.648691e-10 1.491595e-04 4.979134e+03
0.216297 1.215266e-06 4.675277e-10 1.495129e-04 4.973766e+03
0.215052 1.218079e-06 4.702004e-10 1.498670e-04 4.968403e+03
0.213808 1.220897e-06 4.728873e-10 1.502218e-04 4.963045e+03
0.212567 1.223719e-06 4.755875e-10 1.505772e-04 4.957699e+03
0.211327 1.226548e-06 4.783021e-10 1.509333e-04 4.952357e+03
0.210090 1.229380e-06 4.810301e-10 1.512899e-04 4.947027e+03
0.208854 1.232218e-06 4.837726e-10 1.516473e-04 4.941702e+03
0.207621 1.235061e-06 4.865295e-10 1.520054e-04 4.936382e+03
0.206389 1.237953e-06 4.893184e-10 1.523635e-04 4.931074e+03
0.205160 1.240865e-06 4.921282e-10 1.527222e-04 4.925770e+03
0.203932 1.243781e-06 4.949521e-10 1.530815e-04 4.920478e+03
0.202706 1.246704e-06 4.977911e-10 1.534414e-04 4.915190e+03
0.201483 1.249632e-06 5.006452e-10 1.538021e-04 4.909907e+03
0.200261 1.252565e-06 5.035137e-10 1.541634e-04 4.904636e+03
0.199041 1.255504e-06 5.063974e-10 1.545254e-04 4.899369e+03
0.197823 1.258448e-06 5.092965e-10 1.548881e-04 4.894106e+03
0.196607 1.261398e-06 5.122101e-10 1.552514e-04 4.888856e+03
0.195393 1.264361e-06 5.151439e-10 1.556155e-04 4.883609e+03
0.194181 1.267382e-06 5.181217e-10 1.559807e-04 4.878374e+03
0.192971 1.270410e-06 5.211156e-10 1.563466e-04 4.873143e+03
0.191763 1.273444e-06 5.241256e-10 1.567133e-04 4.867917e+03
0.190557 1.276483e-06 5.271509e-10 1.570806e-04 4.862702e+03
0.189352 1.279528e-06 5.301926e-10 1.574486e-04 4.857492e+03
0.188150 1.282578e-06 5.332496e-10 1.578171e-04 4.852293e+03
0.186949 1.285634e-06 5.363231e-10 1.581865e-04 4.847098e+03
0.185750 1.288697e-06 5.394132e-10 1.585565e-04 4.841907e+03
0.184554 1.291764e-06 5.425188e-10 1.589272e-04 4.836727e+03
0.183359 1.294868e-06 5.456267e-10 1.592933e-04 4.831552e+03
0.182165 1.298007e-06 5.487358e-10 1.596549e-04 4.826388e+03
0.180974 1.301153e-06 5.518615e-10 1.600172e-04 4.821228e+03
0.179785 1.304305e-06 5.550039e-10 1.603803e-04 4.816072e+03
0.178597 1.307463e-06 5.581619e-10 1.607438e-04 4.810927e+03
0.177412 1.310627e-06 5.613369e-10 1.611081e-04 4.805786e+03
0.176228 1.313798e-06 5.645287e-10 1.614731e-04 4.800649e+03
0.175046 1.316974e-06 5.677366e-10 1.618387e-04 4.795523e+03
0.173866 1.320157e-06 5.709614e-10 1.622049e-04 4.790401e+03
0.172687 1.323345e-06 5.742024e-10 1.625717e-04 4.785291e+03
0.171511 1.326596e-06 5.774672e-10 1.629355e-04 4.780184e+03
0.170336 1.329863e-06 5.807504e-10 1.632994e-04 4.775081e+03
0.169163 1.333136e-06 5.840501e-10 1.636638e-04 4.769989e+03
0.167992 1.336416e-06 5.873674e-10 1.640289e-04 4.764900e+03
0.166823 1.339701e-06 5.907012e-10 1.643945e-04 4.759823e+03
0.165655 1.342993e-06 5.940529e-10 1.647609e-04 4.754749e+03
0.164490 1.346293e-06 5.974223e-10 1.651280e-04 4.749680e+03
0.163326 1.349598e-06 6.008088e-10 1.654956e-04 4.744621e+03
0.162164 1.352911e-06 6.042131e-10 1.658640e-04 4.739565e+03
0.161003 1.356243e-06 6.076416e-10 1.662328e-04 4.734521e+03
0.159845 1.359635e-06 6.111155e-10 1.666021e-04 4.729480e+03
0.158688 1.363034e-06 6.146068e-10 1.669719e-04 4.724449e+03
0.157533 1.366440e-06 6.181170e-10 1.673425e-04 4.719423e+03
0.156380 1.369854e-06 6.216460e-10 1.677137e-04 4.714400e+03
0.155228 1.373274e-06 6.251930e-10 1.680856e-04 4.709387e+03
0.154078 1.376701e-06 6.287590e-10 1.684581e-04 4.704379e+03
0.152930 1.380135e-06 6.323430e-10 1.688312e-04 4.699380e+03
0.151784 1.383576e-06 6.359461e-10 1.692051e-04 4.694386e+03
0.150639 1.387025e-06 6.395688e-10 1.695796e-04 4.689395e+03
0.149497 1.390520e-06 6.432222e-10 1.699534e-04 4.684414e+03
0.148356 1.394060e-06 6.469062e-10 1.703267e-04 4.679437e+03
0.147216 1.397605e-06 6.506089e-10 1.707006e-04 4.674470e+03
0.146079 1.401159e-06 6.543316e-10 1.710752e-04 4.669506e+03
0.144943 1.404721e-06 6.580744e-10 1.714505e-04 4.664546e+03
0.143808 1.408289e-06 6.618364e-10 1.718264e-04 4.659597e+03
0.142676 1.411866e-06 6.656185e-10 1.722030e-04 4.654650e+03
0.141545 1.415449e-06 6.694200e-10 1.725802e-04 4.649714e+03
0.140416 1.419041e-06 6.732418e-10 1.729581e-04 4.644782e+03
0.139289 1.422640e-06 6.770845e-10 1.733368e-04 4.639853e+03
0.138163 1.426335e-06 6.809314e-10 1.737077e-04 4.634933e+03
0.137039 1.430053e-06 6.847964e-10 1.740779e-04 4.630018e+03
0.135916 1.433778e-06 6.886809e-10 1.744487e-04 4.625112e+03
0.134796 1.437512e-06 6.925862e-10 1.748201e-04 4.620210e+03
0.133677 1.441255e-06 6.965126e-10 1.751922e-04 4.615311e+03
0.132559 1.445005e-06 7.004589e-10 1.755649e-04 4.610422e+03
0.131443 1.448764e-06 7.044261e-10 1.759383e-04 4.605536e+03
0.130329 1.452530e-06 7.084135e-10 1.763123e-04 4.600660e+03
0.129217 1.456306e-06 7.124222e-10 1.766869e-04 4.595787e+03
0.128106 1.460101e-06 7.164573e-10 1.770620e-04 4.590918e+03
0.126997 1.463965e-06 7.205369e-10 1.774360e-04 4.586058e+03
0.125890 1.467838e-06 7.246387e-10 1.778107e-04 4.581202e+03
0.124784 1.471718e-06 7.287611e-10 1.781860e-04 4.576355e+03
0.123679 1.475608e-06 7.329059e-10 1.785619e-04 4.571512e+03
0.122577 1.479507e-06 7.370732e-10 1.789386e-04 4.566672e+03
0.121476 1.483414e-06 7.412615e-10 1.793158e-04 4.561841e+03
0.120376 1.487331e-06 7.454724e-10 1.796938e-04 4.557014e+03
0.119279 1.491255e-06 7.497047e-10 1.800723e-04 4.552196e+03
0.118183 1.495189e-06 7.539599e-10 1.804515e-04 4.547381e+03
0.117088 1.499161e-06 7.582518e-10 1.808306e-04 4.542576e+03
0.115995 1.503178e-06 7.625843e-10 1.812096e-04 4.537775e+03
0.114904 1.507206e-06 7.669403e-10 1.815894e-04 4.532976e+03
0.113814 1.511241e-06 7.713186e-10 1.819697e-04 4.528186e+03
0.112726 1.515286e-06 7.757207e-10 1.823508e-04 4.523400e+03
0.111639 1.519340e-06 7.801453e-10 1.827324e-04 4.518623e+03
0.110554 1.523403e-06 7.845940e-10 1.831147e-04 4.513849e+03
0.109471 1.527476e-06 7.890668e-10 1.834977e-04 4.509078e+03
0.108389 1.531558e-06 7.935625e-10 1.838813e-04 4.504317e+03
0.107308 1.535650e-06 7.980826e-10 1.842656e-04 4.499558e+03
0.106230 1.539778e-06 8.026121e-10 1.846443e-04 4.494809e+03
0.105152 1.543925e-06 8.071619e-10 1.850216e-04 4.490063e+03
0.104077 1.548082e-06 8.117363e-10 1.853997e-04 4.485319e+03
0.103003 1.552248e-06 8.163339e-10 1.857783e-04 4.480585e+03
0.101930 1.556425e-06 8.209564e-10 1.861576e-04 4.475854e+03
0.100859 1.560610e-06 8.256023e-10 1.865375e-04 4.471132e+03
0.099790 1.564805e-06 8.302734e-10 1.869181e-04 4.466413e+03
0.098722 1.569010e-06 8.349698e-10 1.872993e-04 4.461697e+03
0.097655 1.573225e-06 8.396900e-10 1.876812e-04 4.456990e+03
0.096591 1.577452e-06 8.444357e-10 1.880634e-04 4.452286e+03
0.095527 1.581735e-06 8.492050e-10 1.884407e-04 4.447591e+03
0.094465 1.586028e-06 8.539999e-10 1.888187e-04 4.442898e+03
0.093405 1.590332e-06 8.588208e-10 1.891974e-04 4.438209e+03
0.092346 1.594645e-06 8.636662e-10 1.895766e-04 4.433528e+03
0.091289 1.598969e-06 8.685377e-10 1.899565e-04 4.428850e+03
0.090233 1.603303e-06 8.734355e-10 1.903371e-04 4.424175e+03
0.089179 1.607647e-06 8.783582e-10 1.907183e-04 4.419509e+03
0.088126 1.612002e-06 8.833076e-10 1.911001e-04 4.414846e+03
0.087075 1.616366e-06 8.882818e-10 1.914825e-04 4.410192e+03
0.086025 1.620768e-06 8.932945e-10 1.918651e-04 4.405540e+03
0.084977 1.625234e-06 8.983559e-10 1.922473e-04 4.400891e+03
0.083930 1.629710e-06 9.034432e-10 1.926301e-04 4.396251e+03
0.082884 1.634197e-06 9.085581e-10 1.930135e-04 4.391613e+03
0.081841 1.638694e-06 9.136991e-10 1.933975e-04 4.386985e+03
0.080798 1.643203e-06 9.188681e-10 1.937822e-04 4.382359e+03
0.079757 1.647723e-06 9.240651e-10 1.941677e-04 4.377735e+03
0.078718 1.652252e-06 9.292887e-10 1.945536e-04 4.373121e+03
0.077680 1.656794e-06 9.345405e-10 1.949403e-04 4.368509e+03
0.076643 1.661345e-06 9.398192e-10 1.953275e-04 4.363905e+03
0.075608 1.665969e-06 9.451458e-10 1.957142e-04 4.359305e+03
0.074574 1.670642e-06 9.505127e-10 1.961008e-04 4.354706e+03
0.073542 1.675325e-06 9.559071e-10 1.964880e-04 4.350117e+03
0.072511 1.680020e-06 9.613311e-10 1.968758e-04 4.345530e+03
0.071482 1.684726e-06 9.667828e-10 1.972642e-04 4.340952e+03
0.070454 1.689444e-06 9.722642e-10 1.976534e-04 4.336376e+03
0.069427 1.694175e-06 9.777756e-10 1.980432e-04 4.331803e+03
0.068402 1.698916e-06 9.833152e-10 1.984336e-04 4.327238e+03
0.067379 1.703669e-06 9.888852e-10 1.988247e-04 4.322676e+03
0.066357 1.708433e-06 9.944836e-10 1.992164e-04 4.318122e+03
0.065336 1.713311e-06 1.000097e-09 1.996029e-04 4.313571e+03
0.064316 1.718212e-06 1.005740e-09 1.999896e-04 4.309022e+03
0.063298 1.723125e-06 1.011412e-09 2.003768e-04 4.304482e+03
0.062282 1.728050e-06 1.017115e-09 2.007647e-04 4.299944e+03
0.061267 1.732987e-06 1.022846e-09 2.011531e-04 4.295415e+03
0.060253 1.737937e-06 1.028609e-09 2.015422e-04 4.290888e+03
0.059241 1.742901e-06 1.034403e-09 2.019321e-04 4.286364e+03
0.058230 1.747875e-06 1.040227e-09 2.023225e-04 4.281847e+03
0.057220 1.752864e-06 1.046082e-09 2.027136e-04 4.277334e+03
0.056212 1.757884e-06 1.051973e-09 2.031047e-04 4.272828e+03
0.055205 1.763000e-06 1.057919e-09 2.034948e-04 4.268325e+03
0.054200 1.768128e-06 1.063895e-09 2.038854e-04 4.263831e+03
0.053195 1.773270e-06 1.069904e-09 2.042767e-04 4.259338e+03
0.052193 1.778426e-06 1.075946e-09 2.046687e-04 4.254848e+03
0.051191 1.783594e-06 1.082018e-09 2.050613e-04 4.250366e+03
0.050192 1.788776e-06 1.088124e-09 2.054546e-04 4.245887e+03
0.049193 1.793971e-06 1.094261e-09 2.058484e-04 4.241416e+03
0.048196 1.799180e-06 1.100431e-09 2.062429e-04 4.236947e+03
0.047200 1.804403e-06 1.106635e-09 2.066382e-04 4.232480e+03
0.046205 1.809681e-06 1.112884e-09 2.070327e-04 4.228022e+03
0.045212 1.815017e-06 1.119179e-09 2.074266e-04 4.223566e+03
0.044220 1.820366e-06 1.125507e-09 2.078211e-04 4.219118e+03
0.043230 1.825730e-06 1.131870e-09 2.082163e-04 4.214672e+03
0.042241 1.831107e-06 1.138265e-09 2.086120e-04 4.210234e+03
0.041253 1.836499e-06 1.144695e-09 2.090084e-04 4.205799e+03
0.040266 1.841906e-06 1.151161e-09 2.094055e-04 4.201365e+03
0.039281 1.847326e-06 1.157660e-09 2.098032e-04 4.196940e+03
0.038298 1.852761e-06 1.164194e-09 2.102017e-04 4.192517e+03
0.037315 1.858209e-06 1.170762e-09 2.106006e-04 4.188102e+03
0.036334 1.863663e-06 1.177265e-09 2.109908e-04 4.183690e+03
0.035354 1.869129e-06 1.183774e-09 2.113790e-04 4.179279e+03
0.034376 1.874608e-06 1.190315e-09 2.117677e-04 4.174876e+03
0.033398 1.880103e-06 1.196892e-09 2.121571e-04 4.170476e+03
0.032422 1.885611e-06 1.203502e-09 2.125470e-04 4.166083e+03
0.031448 1.891134e-06 1.210147e-09 2.129376e-04 4.161693e+03
0.030475 1.896673e-06 1.216828e-09 2.133289e-04 4.157304e+03
0.029503 1.902225e-06 1.223542e-09 2.137207e-04 4.152924e+03
0.028532 1.907792e-06 1.230292e-09 2.141132e-04 4.148545e+03
0.027563 1.913375e-06 1.237072e-09 2.145057e-04 4.144175e+03
0.026594 1.919004e-06 1.243829e-09 2.148916e-04 4.139807e+03
0.025628 1.924646e-06 1.250619e-09 2.152781e-04 4.135446e+03
0.024662 1.930304e-06 1.257445e-09 2.156652e-04 4.131088e+03
0.023698 1.935978e-06 1.264308e-09 2.160531e-04 4.126731e+03
0.022735 1.941665e-06 1.271205e-09 2.164414e-04 4.122383e+03
0.021773 1.947368e-06 1.278138e-09 2.168304e-04 4.118036e+03
0.020813 1.953086e-06 1.285106e-09 2.172199e-04 4.113697e+03
0.019854 1.958819e-06 1.292111e-09 2.176101e-04 4.109360e+03
0.018896 1.964568e-06 1.299153e-09 2.180009e-04 4.105025e+03
0.017939 1.970408e-06 1.306311e-09 2.183954e-04 4.100698e+03
0.016984 1.976390e-06 1.313645e-09 2.187959e-04 4.096373e+03
0.016030 1.982388e-06 1.321016e-09 2.191969e-04 4.092056e+03
0.015077 1.988404e-06 1.328428e-09 2.195986e-04 4.087740e+03
0.014125 1.994436e-06 1.335880e-09 2.200011e-04 4.083427e+03
0.013175 2.000484e-06 1.343370e-09 2.204041e-04 4.079121e+03
0.012226 2.006550e-06 1.350902e-09 2.208078e-04 4.074817e+03
0.011278 2.012631e-06 1.358471e-09 2.212120e-04 4.070521e+03
0.010331 2.018729e-06 1.366083e-09 2.216169e-04 4.066227e+03
0.009386 2.024843e-06 1.373733e-09 2.220224e-04 4.061940e+03
0.008442 2.031200e-06 1.381706e-09 2.224407e-04 4.057655e+03
0.007499 2.037681e-06 1.389854e-09 2.228653e-04 4.053373e+03
0.006557 2.044180e-06 1.398047e-09 2.232905e-04 4.049097e+03
0.005617 2.050698e-06 1.406287e-09 2.237165e-04 4.044824e+03
0.004678 2.057234e-06 1.414572e-09 2.241430e-04 4.040558e+03
0.003740 2.063790e-06 1.422904e-09 2.245704e-04 4.036295e+03
0.002803 2.070366e-06 1.431284e-09 2.249986e-04 4.032033e+03
0.001867 2.076960e-06 1.439711e-09 2.254275e-04 4.027778e+03
0.000933 2.083571e-06 1.448181e-09 2.258567e-04 4.023526e+03
